650.9140 214.8880
41.7670 179.4080
509.1260 233.7490
486.4030 152.4270
46.8830 367.9040
539.2700 343.6160
614.9300 139.6130
61.1270 99.2300
334.1740 380.3440
284.5750 412.5210
33.5850 183.3730
295.1650 96.0150
531.8150 412.4750
159.0060 80.8090
607.6940 402.0760
249.8610 370.2870
532.6240 379.9610
170.9340 404.8870
367.6990 142.7160
257.5490 146.9290
319.2000 399.3450
633.8440 84.4710
281.2830 408.9450
651.4000 369.4230
176.3540 86.4040
185.2240 170.4010
531.1320 327.0810
550.4560 209.0490
146.3760 170.4680
399.4910 410.5730
158.8390 410.9470
82.7820 160.9940
189.6800 246.9130
179.8370 284.0520
152.2260 412.8550
158.7260 183.4570
177.3600 178.5350
600.8720 260.0580
441.5510 345.2300
61.1330 101.8510
73.3000 150.9790
218.9590 420.1310
563.1600 352.8250
125.4610 331.5720
68.5870 79.1720
325.9270 100.5490
617.4710 127.9210
541.2000 417.2100
236.3300 102.2840
572.8830 380.4900
190.8110 415.4000
632.8930 442.2600
234.3810 261.7890
546.0920 350.2460
456.9510 345.3130
137.4730 270.1440
320.4080 71.7230
652.2680 326.3890
594.7800 390.0050
266.9700 159.6990
421.1300 48.5540
40.6660 82.9960
652.2760 362.4700
247.3420 162.6610
33.1800 174.7550
111.8490 277.3550
242.3590 270.5450
226.2410 410.5680
637.9160 457.0040
633.7680 438.7180
163.3100 352.2160
27.8960 325.3510
216.6840 347.7160
547.1950 424.4320
64.7440 158.3310
572.3020 205.8290
519.3220 320.2040
314.2720 140.3040
254.1190 173.0140
559.9870 295.4600
530.0880 296.4390
170.0070 265.4460
90.0660 139.8800
133.5140 145.5160
18.9580 371.4220
40.0330 74.3250
519.0160 312.2840
32.4140 371.3430
309.1020 256.7760
666.4380 415.8010
624.3720 132.5070
21.3940 326.6080
112.0160 84.6550
194.4070 95.5140
67.9810 99.6580
381.5220 386.8910
287.5260 271.6800
400.5640 396.7190
513.4600 413.9980
270.2270 72.9550
27.1040 179.1990
524.1430 440.9120
561.1890 380.0960
272.0750 434.7420
402.4790 299.2230
276.3280 274.0100
166.4580 380.6090
473.6740 69.5560
671.8940 43.9730
361.9840 344.7280
184.2120 340.2800
226.9170 73.3060
338.5820 397.0270
330.4990 106.4410
520.0690 442.8770
224.4730 92.7620
528.3440 223.1330
466.8880 218.4780
38.2470 359.3730
90.8170 74.7800
649.1590 304.6810
523.5850 124.2260
94.2820 141.4600
490.8050 207.9020
305.4960 325.8170
199.2330 259.8940
339.9100 336.5690
377.9590 336.4140
169.2040 62.7710
599.2920 285.2530
516.8660 340.1220
188.3930 246.8060
70.2600 90.1680
490.0910 436.5000
642.9930 354.4360
157.9450 313.4790
229.6340 413.1610
451.4650 372.0820
377.8530 53.2420
529.1460 213.3740
456.6500 53.6860
351.5190 292.5560
272.4530 41.9150
102.4550 162.9980
669.7610 339.3950
261.0330 257.9460
437.0160 108.4850
60.1980 309.0460
89.7990 98.2600
623.9420 242.7620
522.2360 435.4690
578.8900 233.9640
604.6370 437.7000
448.2290 74.7900
507.7200 354.3060
447.1460 356.7510
527.7850 370.3810
111.7130 400.1720
550.4810 156.0820
154.5810 366.1770
603.3680 297.9670
446.2590 336.7970
532.1130 131.9720
58.8110 391.1750
435.6970 335.7730
559.2780 147.0100
551.8460 125.8950
571.9970 185.2550
540.5510 208.5100
342.3000 368.2900
157.9160 192.2590
120.6780 77.2350
260.0800 84.6490
548.7430 451.4720
535.7680 295.2540
302.5520 283.8630
99.4060 422.2880
619.6820 396.2620
146.6890 68.0140
445.1470 137.4130
678.8700 439.9850
556.3160 395.3020
84.7860 158.7920
559.7150 411.3000
308.9500 157.4380
656.9520 150.5230
629.2230 417.3700
30.9920 171.5210
482.3100 243.4180
433.8890 100.8980
33.8470 387.0770
211.7310 171.7620
619.2340 146.3520
447.1030 142.3360
221.7830 106.5790
325.2810 201.0870
271.9660 92.0330
427.4560 388.1370
285.6110 116.1960
349.4550 426.5240
297.7860 84.8660
132.2720 317.6600
611.2840 432.8940
103.2930 164.5210
289.4360 146.9150
500.3890 133.5400
67.3540 101.3120
305.9430 168.0600
231.6400 272.9500
193.2390 276.9290
507.8170 371.6550
458.5590 64.9130
439.3750 334.0150
543.8850 315.9210
376.7250 250.6580
156.5200 379.9320
118.4940 404.3180
112.5280 143.3000
119.1740 154.3740
565.8950 174.8160
212.1000 258.6850
305.7470 94.3510
538.6240 394.2990
39.1330 104.4980
271.8270 292.5150
304.1160 257.1780
485.4050 162.7240
636.7870 400.2610
159.2900 325.2810
486.7380 79.2790
335.7770 326.6210
69.2440 289.0310
531.5170 393.1520
484.6360 243.1590
447.7950 381.6950
499.3570 177.0830
180.4880 328.6180
48.0440 400.1040
646.2730 393.6680
600.9020 213.1960
315.9280 256.7690
297.1720 334.8070
219.6160 140.8850
601.7990 375.1620
310.7430 406.3990
361.6690 110.4220
618.0240 277.4720
602.9190 169.3100
677.4280 35.2580
510.6520 238.1510
36.9880 388.8590
554.5170 323.0850
139.5100 363.3200
244.6330 164.6150
271.9350 299.3080
65.5270 161.7310
636.1480 422.8640
623.7230 86.8050
292.5130 276.3860
209.6730 441.9880
321.7050 107.9470
93.4750 76.9000
614.0860 282.5680
317.7060 98.9610
504.1290 126.1340
331.9340 363.8940
129.0980 94.2010
87.2720 384.4070
480.8430 46.2260
300.3260 87.1020
187.0500 79.1090
610.2840 245.0380
135.4500 402.3250
291.9120 109.7560
226.6900 152.7580
173.8990 406.7620
472.4240 223.3740
558.3830 328.6630
647.7880 176.7500
637.9920 112.9420
564.7590 406.1620
565.5740 219.8830
321.0030 224.0240
633.0050 214.6380
177.3820 150.5530
567.9270 307.2510
364.9970 270.2800
618.9360 341.4090
159.4610 272.8710
452.9080 150.8950
621.8120 256.5350
581.9090 295.8400
606.4850 232.1280
98.2830 102.7890
565.2570 225.2040
106.5060 169.9990
238.9650 98.2460
174.1950 357.1870
477.1530 157.7010
548.0720 209.3350
446.1870 291.9690
187.1750 315.6020
75.3560 104.8300
95.6130 159.5300
512.7910 438.8810
437.4890 308.8610
162.1220 382.7980
83.3200 89.4240
242.1650 274.3440
651.4670 439.4420
666.0390 309.0730
158.5140 27.8060
226.1210 259.8810
340.7270 259.1470
44.4460 142.8820
626.8830 317.7310
137.8060 240.3530
585.9730 429.7060
601.5710 275.3940
515.6170 398.4620
454.7120 141.0620
608.6310 291.2730
632.7760 438.0670
264.8970 415.5720
590.6640 267.3440
637.2190 350.4340
221.8500 440.8640
538.1090 282.5590
38.5550 112.3720
188.6270 340.4910
168.5550 143.6600
135.2230 409.5950
391.3880 211.3570
666.4500 430.2330
543.2490 347.8080
28.9560 225.2670
300.1410 154.4740
143.7730 82.5860
618.1950 132.6380
284.2950 179.1550
368.2920 266.5480
243.8060 97.7980
282.1250 92.5730
176.3870 100.8720
188.6190 275.3650
566.3330 446.3690
377.8230 211.2620
230.8770 436.5690
681.5320 430.2850
65.0900 167.9480
343.0070 346.2930
108.0600 52.4950
357.1300 289.4450
674.9150 338.7970
535.4140 376.0780
62.9990 141.8750
639.1990 142.0880
270.5320 90.9920
285.0630 265.0560
505.8990 430.4190
243.3050 157.9640
151.1290 329.5130
576.7340 441.6250
591.8590 428.0010
43.5950 74.5420
157.4270 268.9570
398.4080 383.1210
596.1300 437.8920
574.7760 149.6660
115.7950 145.8640
431.1510 130.7830
217.0990 265.9940
235.7770 102.8750
506.6020 239.4980
121.6690 71.3390
540.0570 242.0320
127.5090 142.1420
257.2640 142.8070
375.7080 399.6240
41.7080 347.0810
403.8220 379.7800
650.0540 437.6360
544.3980 202.0370
11.2440 364.7630
375.6380 265.7690
237.4640 426.7330
182.5610 338.0720
590.2370 253.1250
207.7870 417.3460
506.2820 347.2560
334.8650 250.2200
293.6360 254.3920
525.9650 449.5290
216.8330 382.6150
320.4940 340.6920
167.7590 340.4760
368.2240 83.1250
623.7950 121.7000
509.1950 357.3350
435.1050 331.3740
497.9300 446.2920
270.4200 325.6800
55.1890 175.9820
111.3090 162.8090
394.1700 407.6280
264.5710 434.5460
297.9990 274.5270
438.4620 328.8040
52.4150 322.4290
253.4100 111.1140
625.5080 125.4950
662.7530 307.5650
653.1760 357.3880
636.3040 444.1100
31.6230 326.3460
57.3510 144.9580
132.7960 343.3590
265.9170 252.3450
477.7320 71.5720
157.6490 325.4010
561.4140 428.4660
613.4040 394.3910
324.7060 322.7090
139.7940 231.7260
69.7920 337.3090
345.1360 361.0230
216.8830 317.9300
283.1850 439.0660
35.8790 174.0300
566.8140 286.1450
646.5870 314.4850
490.5940 237.1630
279.7220 408.3280
372.8340 273.8420
554.9920 278.7090
259.9690 68.0720
566.9380 321.6270
128.7830 420.0190
648.8250 132.5080
130.6080 166.9970
653.4580 77.6150
240.5790 209.6450
206.3700 180.4530
519.4400 386.2940
270.0980 139.4720
230.4160 156.7430
322.5030 137.3760
546.6050 151.6500
341.6770 412.2770
318.6940 369.3090
214.7420 142.5150
138.4750 95.1570
178.5720 419.8350
180.5360 283.6280
200.5180 403.5300
161.2030 415.1080
279.0470 85.5530
382.7170 318.7510
277.5130 440.5840
284.6960 88.8750
366.1120 282.2040
557.7480 322.1260
559.6950 441.7090
172.3730 429.2500
453.1020 366.1910
201.2650 101.8920
207.3970 100.7950
20.0520 148.4600
146.9920 111.5320
351.0770 315.3410
87.4040 378.7130
504.0160 164.4530
633.5570 219.8780
109.1550 392.1740
277.8000 440.6210
554.7160 460.9080
116.7300 266.8610
354.8150 258.4040
104.8720 169.0650
192.7190 68.3440
246.2750 329.9070
595.0160 436.4120
135.5820 408.7360
336.0790 268.1700
190.8390 370.0350
7.0010 340.6650
140.9900 166.6940
58.6930 307.7980
523.7980 370.0390
476.6000 45.7180
234.1240 269.3000
187.7620 103.6010
28.8280 372.0320
90.7910 408.5300
606.4340 299.8990
589.3220 412.4830
650.8220 343.0140
399.7110 277.1120
463.9560 354.9200
197.4340 415.2020
291.9960 73.0610
125.9910 73.0560
87.0080 270.3440
629.5000 162.9340
175.4430 423.5560
654.6650 418.6480
626.7380 152.8940
39.9120 150.5130
242.8550 87.8980
438.7930 76.5710
324.8840 170.8190
376.4720 433.0390
311.1520 344.1800
489.9230 156.9070
392.2740 213.9490
215.0430 411.1970
52.8520 51.3330
47.0730 304.2170
159.4300 101.1570
376.8290 135.1360
205.8440 156.1350
100.8590 81.9480
520.3960 447.2190
156.8190 72.1670
280.0720 191.6780
32.4940 428.1510
203.5840 249.1930
599.0960 301.1810
670.9100 433.4330
623.5450 333.6370
544.3360 365.0890
271.5640 371.1070
37.3800 295.1860
496.6290 150.2090
657.8240 228.4410
251.0280 180.2440
339.9680 421.1770
640.7830 333.1450
444.1660 70.6680
521.8540 138.2060
476.1590 213.0820
653.3620 445.3770
502.5850 246.6570
142.4940 336.6500
271.5330 53.3560
176.3180 437.1310
53.1870 433.3090
223.9140 143.2690
548.0240 195.4930
556.6900 413.2510
618.9930 184.8900
389.9370 300.2330
228.2180 148.2670
490.5500 175.2060
85.6970 170.9340
366.7890 257.0840
173.9210 152.3470
516.7230 139.6490
195.5470 418.2810
598.2690 228.2900
52.8930 316.2420
612.5130 143.1990
471.5620 60.8140
269.5690 264.2290
547.2110 340.2180
146.4510 359.4160
459.1390 83.1940
566.3390 452.3300
283.8680 84.7930
328.4470 319.2950
220.3070 81.2770
535.1190 328.8440
479.2180 153.3360
54.1820 138.4200
50.3720 308.2020
570.0220 209.9030
657.0790 219.6090
468.5710 154.6610
660.5230 309.6130
654.0700 433.1060
625.6940 459.3780
643.8540 409.0220
422.7040 158.6040
37.4840 366.4570
433.1270 295.7270
158.2340 316.9420
342.2070 403.8850
443.3670 355.5700
300.0590 132.7360
470.5330 354.8200
544.4040 197.3750
530.0530 235.8450
649.5560 351.0320
424.2940 97.5090
225.4780 157.1410
321.4770 333.9090
269.2710 163.3420
489.3870 170.3400
552.8190 303.3410
554.5800 95.0320
454.1630 57.3980
318.1860 344.5470
32.9500 398.4810
233.6890 95.7820
601.3040 87.8050
276.3100 147.6180
490.4140 235.5830
166.8540 258.2160
555.2740 280.1630
601.3370 415.2130
513.5310 333.9430
45.8440 371.8710
233.2130 181.6550
316.2980 434.3920
675.3680 468.8750
565.2440 304.8490
684.6330 341.3860
153.4520 406.8890
116.7980 62.8740
272.6460 246.6190
514.6390 216.9420
235.3400 26.3720
655.0280 110.5530
549.9950 287.1180
535.6270 140.8560
604.9950 295.5990
153.0020 380.2600
538.0030 394.0980
632.7000 368.7140
551.7910 448.5860
623.4740 391.3530
10.6130 220.0700
163.6420 429.5280
142.8580 259.0370
20.4920 117.8480
619.3520 165.7580
28.1630 104.3780
556.5030 227.0320
448.9460 86.5450
278.5240 165.9910
316.4620 69.9660
187.7520 453.7640
304.0760 95.2920
282.4660 72.1820
271.4660 429.9280
314.4740 267.8890
226.6260 85.4200
377.3410 259.2340
319.4400 287.9860
156.5920 370.7090
442.1650 62.1660
151.2310 416.4820
44.4140 181.3930
580.5290 152.5800
446.8710 147.7590
580.6080 297.4770
186.8730 174.2130
667.9840 349.4150
543.6060 376.4540
301.7910 345.3870
537.4800 372.1440
642.0660 200.3420
119.4030 287.8750
12.1290 333.3300
123.6450 264.8350
114.2020 227.6390
516.8470 434.6110
168.0720 74.5110
250.3550 175.9790
268.2710 144.9710
321.5700 84.8770
100.2290 171.9210
446.7800 353.0060
548.5470 431.9050
382.2590 396.4190
272.0640 321.8700
519.3480 385.2460
163.4950 98.3580
95.5040 157.5550
264.4370 243.9770
203.7550 148.2490
161.3830 346.9540
181.1320 170.2300
191.0030 151.7600
642.6620 245.0970
171.9720 349.8790
456.7440 170.5620
98.1840 97.2250
444.9800 315.3030
119.5380 392.3670
306.2590 269.4530
458.3700 86.0050
216.6930 90.1760
39.9970 346.3450
150.6930 418.4210
77.9350 297.1830
227.6280 96.1730
134.2420 419.7930
235.7180 168.4270
663.5510 333.2650
359.9700 140.1510
524.0960 142.7690
173.9990 311.1410
238.4800 260.6710
429.1910 112.4070
148.9160 147.7870
255.8160 170.3390
263.5780 110.1540
564.9480 388.2510
117.9970 286.3110
393.9530 278.7870
30.1300 335.9250
279.1200 163.3320
18.3210 345.4900
176.1480 244.8680
545.8030 295.7350
316.3020 405.1780
157.0210 401.8530
222.8160 274.2150
497.2690 253.8220
143.9660 25.9080
554.8150 152.1330
634.1140 433.4500
564.0100 432.7300
545.7920 198.2920
267.7900 258.5460
521.2860 384.8420
628.7110 28.7840
254.6870 256.3230
642.9370 436.1240
530.6610 287.2470
534.5750 359.6980
212.5700 424.2800
83.3480 405.0790
258.3390 140.2620
406.2610 378.5760
481.5980 273.5670
455.7420 72.6040
324.9450 263.5340
368.0010 240.2420
656.8970 185.6690
510.1830 142.2820
176.9620 400.6030
531.0580 235.7230
166.3210 342.1290
32.8600 227.9190
126.0820 394.1580
126.7630 272.7370
421.4580 393.7570
599.7370 221.6400
147.4250 160.7930
538.8670 362.5520
643.4200 175.6240
129.7070 289.4590
310.9450 95.4360
174.3040 142.1150
633.0930 198.3240
272.6130 162.9710
307.2540 172.2840
173.8120 435.5350
316.5220 356.9100
251.7160 274.0130
151.7070 78.4140
632.4480 192.7830
378.9840 422.0040
376.0890 221.0250
306.2390 78.2220
569.2810 318.8060
435.1040 150.5640
17.0320 73.6590
25.9230 70.7880
547.2910 151.2980
434.3740 345.8670
22.3690 355.3010
118.4790 417.0950
665.2400 409.5950
560.3800 429.2240
558.6630 445.2600
601.2070 322.2530
560.3560 325.9200
524.3600 370.7400
512.9980 347.1340
439.0600 107.8250
648.7920 212.9070
432.6840 408.2030
172.9930 95.7440
260.1210 176.7000
246.2550 144.2180
272.9540 221.7400
303.0730 183.0150
464.0780 161.5860
652.1840 369.5890
634.7160 401.2440
474.6180 302.0610
623.0370 84.8050
124.4550 415.9320
304.7740 408.9150
59.9190 168.7280
156.7590 400.3340
471.0010 209.1540
546.7420 412.3050
319.8000 343.5500
217.2900 48.9220
537.6590 453.0740
661.6360 320.2090
637.0400 137.5490
214.8880 89.6200
559.6150 349.5670
513.1270 325.5760
541.2920 421.4120
120.7750 390.1850
625.4440 145.5470
74.6140 386.6590
52.6220 289.0370
535.0070 354.8790
614.1240 157.3800
449.5670 157.7850
546.8880 377.0320
424.8410 370.1830
599.6320 302.3260
626.3510 321.7280
160.9380 259.3030
657.9260 110.9160
312.2870 111.9950
610.9510 447.1280
455.4170 72.1690
617.4890 229.7240
319.8780 38.2320
336.7190 335.2370
67.6030 392.6980
293.2330 273.5590
31.5650 178.4880
150.7390 91.3070
469.0350 155.8080
113.7500 277.1920
564.4230 425.3750
517.3440 255.7570
594.1870 410.6050
607.7960 225.1230
449.1240 129.9890
513.4200 414.0220
114.7720 291.0510
323.8160 329.5070
111.4700 242.1860
268.4150 440.2970
568.9840 393.6400
545.9880 437.9640
375.4380 426.6350
155.6550 378.9090
536.5560 417.4170
74.5030 78.4070
77.0450 164.9150
635.2870 92.2050
531.0740 370.1930
347.3780 272.6720
147.0250 70.4270
136.3020 140.2040
272.5990 206.1860
512.5320 248.1720
631.2630 209.0370
301.6890 369.7360
640.1160 402.5280
324.7760 47.3980
563.9760 166.4700
321.1680 286.1460
389.0880 418.6830
363.0350 265.4070
321.1800 315.6630
282.0550 71.6420
90.3530 69.8050
474.6550 209.5470
244.3280 174.5210
32.8100 170.1120
182.5040 349.9670
323.5140 442.7680
456.3520 78.1700
133.4300 402.6280
602.3010 322.3910
694.3120 389.2150
381.5990 415.9350
233.0760 107.5350
368.6940 411.5870
505.8010 227.1970
188.7710 264.4000
455.0790 373.0910
197.7530 414.3810
123.7340 412.4280
81.3660 101.0030
226.7010 243.0690
402.7730 284.2180
326.3740 276.3450
467.5300 71.0110
485.2240 67.0120
209.6780 159.8710
639.4660 312.1620
573.6630 462.7050
643.0280 447.5930
149.4850 417.4670
121.1580 111.3190
190.5290 413.7840
550.9160 323.1480
289.2940 152.1950
84.9090 305.0760
132.4270 417.5660
534.3090 424.2060
576.3160 129.8750
163.7100 366.1650
106.5200 266.3230
35.1710 384.4920
30.2770 74.3720
639.3100 112.6920
241.5810 106.0080
338.5370 415.7850
157.1840 211.0240
227.4180 272.3660
390.6400 293.9580
367.8640 404.3400
532.4130 360.2800
399.4580 410.5230
211.7040 417.8780
549.5160 160.6010
333.3340 399.5990
189.2230 254.3700
394.6640 231.2990
190.0280 178.6300
188.6220 417.3730
566.2520 376.0060
451.5410 206.6160
318.6800 408.5400
546.5810 395.0500
640.3910 71.8370
194.7180 283.6820
267.8960 126.8180
416.6790 464.0310
302.4150 277.1240
524.6050 299.4390
610.4000 447.8080
244.0060 266.4030
529.8340 370.2910
89.3310 386.7740
144.2960 405.6980
645.5750 423.7920
602.4130 194.2690
323.9920 338.8520
422.2670 101.8990
504.1270 126.3440
584.9770 380.7050
454.2060 88.7880
259.4240 141.4810
270.5930 406.3910
9.0590 349.9890
284.8590 87.4240
527.0250 156.9680
623.0130 280.9160
159.8950 87.5420
297.9090 433.7400
250.7370 248.9850
641.3540 233.8840
500.6490 230.0500
144.7270 363.4100
321.4880 429.4450
64.5580 377.1020
155.6430 342.9880
561.0110 278.4020
336.2100 399.8810
397.0730 412.3920
467.2370 163.0150
149.8800 182.7020
544.9570 338.2780
112.3690 164.1920
520.6920 368.4230
547.4760 162.0960
171.5610 280.0300
558.2190 454.3100
649.0600 442.0050
671.2910 350.5250
427.1160 303.8680
295.3390 161.4340
100.7220 93.2740
511.2880 325.6610
408.9520 397.9960
532.4800 316.1150
133.1710 400.6350
175.4440 426.8410
272.3900 165.6930
407.1300 241.6830
479.4480 156.5470
466.6820 311.7970
238.2320 155.7110
318.2650 159.4800
36.4330 105.0870
429.5750 124.2420
41.0990 339.3420
108.0350 264.5410
443.0420 75.0070
533.8730 350.1200
283.9330 258.9910
89.3850 79.7020
376.3400 169.0330
516.1260 127.9730
602.4720 445.8460
253.9990 150.4520
21.3980 310.9230
654.4800 427.1320
131.5050 318.9930
166.4220 144.8390
206.0450 436.0230
305.0340 407.1740
503.2890 123.9780
164.5790 76.9490
193.3710 103.7960
326.9940 145.6450
510.4570 334.7570
100.4330 293.3330
252.9950 175.9330
538.1200 280.5750
166.0890 69.1210
562.4910 274.9180
555.6560 421.3880
396.1450 287.8500
474.3550 157.6820
29.2420 182.9310
431.4190 145.7550
152.5050 336.0330
530.3310 213.7160
74.3630 316.3400
524.3080 332.3450
301.9130 76.5520
72.2700 95.4190
108.1700 271.2080
405.0290 111.9810
34.7540 366.7810
585.5960 282.1050
133.7780 96.5500
235.5120 104.9900
309.7150 369.4290
624.9430 348.6410
69.7460 302.7960
397.9630 301.3120
298.2290 148.5370
376.8530 412.7830
565.3220 361.5970
151.7870 83.1170
380.3280 386.0440
672.0750 461.9280
391.5320 276.9180
97.8760 348.4430
435.6470 119.9510
658.9490 430.8990
9.4440 36.0620
37.6890 147.3690
691.3060 233.8960
52.1500 153.8900
502.4520 135.0840
104.3900 139.4870
582.6790 290.9780
282.5770 111.9340
449.3150 316.3240
401.4520 274.7380
485.9080 168.3010
142.3900 178.8990
164.3170 335.9700
342.2610 333.7490
564.2180 154.3100
435.3670 142.6620
515.5770 126.1630
407.6090 285.0220
595.2350 241.9210
256.3220 176.5620
623.0640 357.8500
251.2720 169.2120
546.8960 403.2630
475.1520 211.8150
152.6940 262.5300
245.2980 93.7330
616.4680 94.0850
63.7660 140.2850
32.2060 412.3390
431.6780 78.4120
203.4440 244.2230
657.8340 71.5070
18.1200 339.6860
170.4480 108.4940
556.2830 393.0420
586.9750 395.9880
229.6100 380.3280
79.6320 394.4090
354.0690 278.9270
194.5500 429.5340
200.5110 427.9550
151.3020 412.1610
134.5280 363.7910
666.4250 403.0100
194.8320 246.7320
205.5730 282.1580
283.1470 173.3680
148.7640 333.9960
121.6110 107.4620
643.3960 190.8020
119.3550 403.0160
247.5860 174.6110
271.9320 414.0350
63.0590 288.9950
649.5170 372.9800
557.5890 299.6570
158.0420 430.1150
464.9150 352.5910
387.3110 271.7690
522.2040 215.1420
45.6260 342.2680
27.5940 360.1950
193.0730 99.8060
94.6620 393.7110
350.4400 272.8070
454.3230 71.0450
169.4090 139.8370
425.7810 29.1530
548.4390 401.1180
417.4620 385.1450
204.7110 300.2370
90.7970 170.6070
40.2020 324.0150
635.5210 306.3320
657.4660 247.0260
516.4050 338.3770
449.5960 337.9570
637.3630 310.1120
288.7970 161.3830
20.3680 351.5760
632.0440 453.3740
437.4210 294.4450
261.6790 149.4720
421.5380 297.4030
325.6330 267.1370
615.3750 444.8480
522.6790 220.7470
152.2920 347.6490
31.6590 176.6250
278.5890 63.1460
223.0410 149.4820
128.2750 428.4880
656.8890 409.6150
29.3820 76.0120
46.2080 329.6230
307.7980 339.3000
331.0470 343.1790
629.9260 410.4970
183.6170 352.5790
159.6950 276.7060
62.9850 289.3710
68.5890 72.4690
217.7980 42.9370
237.8720 101.4870
301.7540 350.5450
288.0060 413.2970
565.8600 459.4540
435.0480 385.9430
303.7680 337.4600
637.5200 346.6960
456.3020 53.1810
21.7270 71.0130
176.3990 110.0430
642.4410 65.1030
434.9410 113.2880
482.2870 72.2970
152.1340 71.1030
635.3570 206.8800
36.2570 183.6980
609.0450 437.5030
152.7510 427.6490
625.4520 147.9290
356.1010 293.8610
164.5580 361.9750
183.1130 404.7200
94.0690 285.8810
664.5060 402.0440
131.5050 357.6540
612.4370 185.9310
213.0390 263.1230
248.5360 105.3770
351.6700 410.9510
89.9790 99.8900
491.9860 58.5630
160.0290 109.2690
466.5880 170.3590
534.6670 379.7700
501.6810 224.6040
432.8780 213.7100
447.1330 312.5090
151.7310 149.9730
605.8680 266.0050
174.7990 349.8140
520.3640 217.7970
351.3750 398.2050
157.4500 167.8670
382.9670 93.8060
358.1370 250.2680
272.3690 30.9100
526.2830 415.7790
432.7920 143.7990
628.7560 281.9940
126.5400 406.8460
60.0120 141.3230
309.6770 143.9900
655.8650 99.7360
80.1200 48.5980
415.5690 382.4710
450.0140 352.9860
474.1890 389.9840
60.9830 158.6380
588.9140 313.6940
350.2430 100.7170
493.2610 58.6430
169.8900 406.6270
297.3820 85.7290
631.7050 255.0640
128.7600 145.8790
622.8630 439.4140
71.5380 85.8220
456.9520 300.6710
138.5580 252.1990
156.1220 290.7440
314.5640 165.7230
347.7670 404.2970
651.2390 171.7710
452.8740 352.6690
496.7140 422.1860
518.2590 421.6950
102.1790 75.8190
156.2650 40.1480
322.9590 266.5820
626.5210 150.9950
474.3270 315.5770
552.2850 296.9950
553.4640 450.3570
276.9320 419.9370
138.9570 388.7990
16.4720 39.2930
496.1320 109.0760
153.5510 341.6770
180.6490 234.5960
553.4000 150.4820
123.5310 74.4860
275.4200 425.3910
94.3220 383.4770
672.2680 412.8040
632.1720 348.6480
217.5970 306.7620
641.1180 453.2370
431.6590 123.6600
95.3800 105.5200
371.4630 335.2080
244.3040 412.1720
520.3310 360.9650
433.5710 401.8590
628.9740 274.2230
394.3070 300.8140
585.7480 267.9930
26.6110 359.3290
315.4920 414.3580
298.3610 403.1400
680.6700 387.0360
58.8230 173.4440
315.1110 75.6110
425.9960 367.0850
134.4210 71.7030
345.8510 288.3910
678.3200 297.2360
260.2320 76.7440
228.2220 273.8700
561.4240 218.2710
392.6760 356.5920
165.3080 346.6450
193.0550 436.9530
321.1850 176.5480
125.4870 259.2460
257.1650 412.3310
646.9980 182.5500
69.8690 286.6750
239.3320 366.8390
96.6340 170.5210
335.2730 256.8600
73.5860 72.9060
514.5640 214.1800
460.3330 87.2640
610.1530 215.1880
302.0340 106.5160
518.8450 393.9220
271.6350 397.5080
491.2380 85.7360
194.4520 363.1230
418.2010 285.6820
174.9110 70.3870
601.3170 184.6810
354.0420 271.2400
148.0450 369.2190
441.0510 313.4180
657.9480 263.9170
436.8830 310.0570
158.3270 325.1420
646.8750 444.9930
570.4770 313.6690
216.8890 194.2000
22.8870 315.1800
487.9750 76.3600
129.0350 75.4430
590.5850 439.4790
349.2740 329.2760
92.5040 266.2960
406.9280 304.6880
534.3540 398.8240
111.4880 393.9950
112.0380 266.4810
541.0850 244.4720
108.6020 178.0910
183.2440 437.5230
621.8780 67.8220
517.6820 370.4860
83.2750 97.8130
190.7230 419.7160
583.1180 396.9210
82.7050 89.3190
167.4790 175.3060
628.9080 426.3370
627.2140 424.1860
490.1670 179.6620
626.5900 225.8930
73.0220 264.5920
627.5160 392.2050
75.0420 77.9180
348.2120 280.9450
41.3480 84.6740
75.7680 386.6660
217.6440 429.1180
251.4320 154.5870
122.8560 289.8440
154.2580 164.5400
129.5500 345.5520
113.7350 451.5100
666.3610 272.3900
626.4310 125.7030
182.8200 262.8600
365.0410 272.9180
329.7060 284.7130
602.4990 232.3350
187.2990 103.6800
646.5360 113.8880
545.8290 238.4510
76.3440 281.5110
242.7150 156.7680
74.0670 144.4330
176.8660 371.9070
78.3220 147.3660
432.3620 351.0800
464.8970 343.6440
309.1500 419.2420
347.3770 421.8910
562.3510 214.1300
476.2200 155.4200
156.2650 124.4990
59.5320 146.3890
209.7590 90.2740
575.1530 166.6850
524.9350 138.1440
310.5830 161.9930
67.6310 281.9650
426.1280 286.6820
561.5440 418.9630
554.5090 350.6440
288.9140 262.2310
305.5000 254.5530
561.4510 381.7370
129.3870 349.7430
33.8830 176.7990
98.3020 383.2500
420.6540 278.1580
419.9490 375.4010
32.3510 401.6410
549.2890 396.2870
497.6110 211.9700
600.0800 449.0630
87.4580 162.0440
105.4370 294.3810
123.5660 177.2240
650.1840 87.1290
245.6420 426.3620
97.6470 144.7200
437.6760 294.2560
269.4820 97.0880
662.9210 443.5650
153.5930 409.7750
21.9810 310.1810
198.9410 181.5030
214.9880 74.7230
515.1940 222.4500
628.1050 347.2130
657.4870 307.7400
628.5200 171.4900
528.4560 131.6460
596.0280 264.9290
463.9710 62.6750
264.5020 437.9910
538.1570 452.4180
272.9920 188.3480
650.4350 169.4430
452.4460 166.8140
204.7960 97.9340
447.2940 324.6850
351.1910 432.0190
239.0320 433.0910
230.5240 140.5120
215.3300 158.7160
195.4840 268.7380
140.8550 327.5830
35.1550 77.0120
163.6520 340.6050
597.1680 307.8810
361.9690 397.6220
376.3980 251.5740
21.9510 179.9980
24.1720 343.8410
529.4700 401.7640
166.8470 365.9660
327.0090 60.3860
584.4050 294.0120
371.4370 356.8340
53.4260 390.9230
83.7950 163.0250
450.2360 343.7050
378.2810 449.3360
243.1050 77.7670
43.8060 139.7480
364.7220 417.6110
503.0990 423.0390
441.0560 131.7920
656.8890 183.7400
116.7030 154.3160
64.3680 400.9320
76.4450 76.8890
124.3570 87.9090
197.0530 106.1290
643.2510 178.9610
123.1460 92.8570
508.8290 433.1710
14.9430 109.9860
568.5880 190.1940
97.2470 416.0100
203.7700 84.2030
260.2950 265.7310
174.6820 330.3180
583.4470 391.5670
57.2240 77.7990
134.5360 286.1400
173.0210 400.5300
92.1970 298.8270
571.7150 318.8420
152.6550 345.1820
194.2540 354.9820
99.0830 95.6230
331.0550 286.7240
632.6370 392.8350
308.0860 183.2910
38.0060 173.6700
624.2160 133.2960
576.4590 290.7760
429.0030 84.1200
249.1680 93.9630
424.1300 96.1500
154.5660 357.7260
24.3510 152.1570
629.3100 249.8400
637.9220 396.2600
75.4580 84.5960
154.8810 421.6340
291.2310 91.1460
522.7160 372.3960
239.2550 228.1320
375.7790 261.5220
543.9450 415.1060
371.0930 267.7050
68.7670 212.5800
130.0100 98.2690
505.1100 432.9840
450.6420 70.1560
538.4900 225.4230
184.1090 355.8750
668.4430 358.9130
67.5300 167.3080
668.5350 329.0600
506.3560 340.4640
177.4080 178.3230
447.7840 292.7040
233.1730 256.4870
288.8300 141.4940
388.2900 402.1870
614.7650 393.2690
395.7950 290.4210
508.4560 222.4860
126.9310 97.0130
624.5330 289.0250
650.5270 322.4510
308.6770 364.6060
55.0060 314.0880
120.2010 181.6400
110.7940 419.1150
17.9480 171.5080
429.4560 280.4650
241.3030 410.1380
556.3030 198.5640
301.7230 105.1780
101.5580 388.5360
496.0920 204.7830
605.4900 204.6860
283.1210 413.3490
640.8440 227.3040
620.1590 165.0720
503.4290 236.2630
613.6580 445.6010
578.6700 460.6100
652.0710 127.9310
205.2050 111.3060
134.6730 387.2500
322.9900 162.0510
66.6190 167.5920
224.6670 144.8960
621.5080 195.8980
217.0730 166.9870
459.2890 139.9740
488.4050 161.4670
638.1230 402.9480
165.1820 160.3350
659.9730 99.1880
32.1240 169.8350
66.3060 300.8000
623.3140 416.7850
548.8440 142.9010
64.9250 396.3430
620.3550 396.9440
273.8620 281.3050
251.9720 170.0860
51.9400 426.6240
652.5850 401.1120
644.5470 281.1130
676.5820 437.9930
486.6760 207.2050
551.9460 321.2670
437.2230 89.0160
451.7840 372.5440
528.3760 135.2490
439.2690 76.4750
44.4770 102.1270
518.8150 349.8010
251.2300 159.3840
65.8860 177.3190
558.3790 173.0870
650.5120 434.4910
66.7700 366.2890
127.7430 155.5230
222.0500 422.8560
327.5580 402.1830
38.6760 173.2820
655.8160 412.8320
647.9700 235.3630
271.7890 116.0490
127.9680 286.8340
51.3350 366.8480
248.1970 250.6710
642.7380 349.9510
175.2500 81.7630
171.0440 91.0520
569.7510 159.8510
569.9380 171.4320
656.7630 351.5800
456.3530 64.2460
403.5720 402.1530
8.3750 344.1640
611.0400 217.4530
618.4620 246.8370
60.8190 175.9320
202.4850 183.3220
132.6330 397.5080
295.9960 415.9910
528.5690 121.5020
284.2330 167.7290
435.4510 329.1690
531.5680 432.7150
315.8530 272.6470
447.4010 52.6800
431.1300 350.6410
649.8970 326.7150
645.3320 310.0410
644.8940 80.6080
311.1240 89.2640
528.1380 346.4920
570.3710 302.1220
220.6450 262.9720
120.1820 259.2360
674.8950 358.5200
168.7840 250.0970
407.0230 415.6730
533.3650 252.7800
556.4200 442.4650
331.3090 430.4570
205.2470 429.5630
526.4150 221.9760
386.6280 411.6180
157.0310 138.4170
301.0650 72.0140
159.1670 361.2970
261.5170 243.8210
128.3300 425.8810
117.9630 86.3870
415.4530 246.5250
596.1220 280.3570
550.6920 214.3190
386.2100 386.9430
625.1700 357.2770
44.2770 87.3500
258.2700 417.5290
559.7180 223.8040
498.0690 245.9350
554.2460 175.7210
421.1430 382.1650
684.4700 351.1950
316.6570 105.4360
377.9610 431.2010
377.1970 395.3420
131.0440 258.3670
548.8260 141.2480
217.7010 69.1310
301.5620 255.7510
198.5170 97.1180
248.8200 144.8900
432.8190 229.0100
104.0110 163.5360
505.5030 162.4500
16.0500 340.1870
71.4900 109.0960
568.3900 457.7550
37.2020 142.5050
516.6120 398.7520
642.6430 401.1510
637.7650 351.0220
109.9700 248.8910
89.0990 82.2810
609.1960 419.3620
434.0130 344.8350
24.8800 178.8090
243.1380 83.1700
450.0360 302.6850
541.9560 125.6140
37.4580 140.0530
558.7510 416.9160
490.3890 46.6490
395.4100 390.3540
377.0690 76.6980
340.6740 341.0910
97.1410 304.0580
459.9760 59.1850
570.6880 450.1320
454.3100 59.5780
108.3160 149.5650
437.2050 288.8240
361.2040 261.7080
613.9030 238.6360
240.7170 178.7550
377.5760 317.8290
183.2210 408.2900
166.8480 409.7320
640.6110 364.9160
626.2890 425.4850
403.4860 279.7280
658.9240 398.0670
683.9470 74.6200
54.6820 180.3580
326.9630 326.9040
294.1720 147.6030
154.3310 123.1420
606.9280 273.5600
41.6200 165.4170
162.1540 112.1240
420.0500 394.8120
657.8170 408.0700
561.4740 221.5020
657.9590 74.2400
617.9810 186.9850
329.1100 266.7590
658.8760 363.4580
151.8560 375.1670
552.2960 113.0740
293.2420 426.6330
235.8620 106.8190
534.1380 337.0760
283.7070 397.3150
559.5360 338.8440
113.5250 399.2350
329.5340 176.6170
332.3910 289.9720
494.7410 176.8490
622.7880 326.1410
540.1020 252.2570
309.9670 361.8400
633.8350 445.1160
595.8430 451.1110
31.0130 41.9150
147.0410 318.2360
537.8310 386.0270
196.2630 163.0230
265.6530 397.2420
420.7620 375.9090
504.3260 403.6520
237.6550 54.8680
489.5540 61.3980
378.1790 289.5080
104.7670 227.9830
624.7220 107.3810
189.2140 322.7300
194.8280 139.2090
181.1430 436.3800
576.2580 457.5650
32.2070 138.3210
676.3170 172.0040
100.8120 445.9050
82.0370 381.5760
534.0630 128.4150
34.9550 245.1280
593.2860 445.0380
610.4850 423.7590
528.1150 389.8850
63.8360 395.8360
260.2920 244.7990
628.9900 145.2410
435.6830 124.0780
196.0220 250.5240
74.1960 299.5160
638.4290 69.8330
620.3980 221.2670
71.3830 88.9610
80.2280 415.3270
550.5150 329.3350
129.4660 424.1300
300.5420 78.1510
449.8560 99.0080
191.8830 408.8160
620.4790 123.2520
386.3910 266.8780
377.5280 427.9000
625.3010 232.0530
632.6170 389.4500
671.1760 429.4730
447.5030 338.7300
512.4370 244.5490
284.0520 145.3600
37.3200 352.4690
434.5570 363.8100
119.9430 421.7670
112.8740 418.1880
106.0410 417.7260
638.3290 414.6010
197.9790 337.7570
276.3890 163.7190
670.9400 442.0770
447.0970 161.2630
56.6410 98.1730
496.4180 386.3550
545.7590 341.8720
32.8620 229.5230
423.1730 123.6040
597.5150 308.6380
627.2950 97.3030
302.6710 332.4150
205.1870 416.3050
484.4010 235.9130
631.7540 147.6290
429.5570 370.8740
580.7400 393.8370
646.8130 175.0120
537.2040 433.9310
219.5000 413.6590
659.7560 427.8290
53.1130 373.6300
648.3710 108.9660
299.5010 173.1790
179.3630 343.5740
625.0720 59.0620
159.8120 98.4030
478.9580 208.8830
58.3750 401.9080
564.3750 214.2720
566.9470 179.1180
255.9870 415.0310
486.7700 63.4430
644.4420 289.1260
322.3430 352.6310
51.6220 306.2630
435.4220 127.9150
508.9160 248.8130
414.8440 292.8910
639.0860 153.9650
193.1480 246.5700
29.0580 380.0880
583.8670 453.8530
186.5140 352.9200
228.5290 280.1380
644.0340 172.0100
558.6600 226.1020
559.0490 168.6610
175.0940 321.9020
625.1580 242.8200
574.6910 436.9820
533.0990 400.4140
176.9380 140.5160
523.3470 307.3340
274.5410 437.6710
433.0360 302.7620
146.4120 346.5280
660.9850 94.0110
514.0210 350.7370
161.3600 158.3880
379.1700 264.6230
538.3790 354.7100
465.5970 320.2520
396.3360 382.2520
17.4270 102.0330
561.5320 441.1920
215.3860 258.8190
534.9400 432.8020
131.7930 286.6960
313.3760 84.1380
241.0750 146.6680
107.8230 413.3030
589.3990 453.7530
82.0960 415.1330
509.4110 383.0790
205.2690 138.5740
613.5760 253.9900
179.5780 97.1510
12.2200 360.0940
445.6720 158.5070
278.3870 274.6850
30.3590 381.2140
637.6090 364.5030
646.4920 152.8970
328.6380 350.0350
530.5530 359.4050
134.1350 102.9040
560.7390 344.0400
473.8100 148.4960
309.3830 352.4450
487.2030 155.0540
550.2960 339.1310
462.4790 79.3780
212.7080 266.2330
662.4200 360.7200
47.9060 383.6680
473.1410 226.5010
353.3960 329.1700
258.9250 265.5200
418.1360 300.5580
365.3270 138.9560
195.2230 259.3030
272.9580 358.7390
216.4970 244.7970
185.9440 173.8470
476.9610 172.6700
639.1470 233.5320
167.2720 252.3470
568.3080 189.2310
25.6100 319.5780
142.7510 290.5060
99.0580 268.0040
578.6950 410.8920
310.5870 434.1390
644.1090 433.7430
657.1170 452.6650
622.4950 281.6050
346.6700 413.4960
170.5260 437.8500
197.7070 269.5560
109.9380 146.8790
166.2080 356.7610
362.5800 413.2060
494.9820 70.1780
30.3170 148.9900
269.7170 160.2580
467.7740 208.2250
302.0440 102.4310
645.5130 334.2130
179.8380 429.5450
521.1590 410.4440
237.3180 101.5240
475.5370 151.3840
290.5230 157.4100
531.3640 141.8850
165.2450 270.1430
598.7700 393.4440
570.5950 208.9060
307.0620 82.7210
650.8800 79.1860
249.9040 107.1540
628.4440 118.0150
602.3770 213.0640
147.7830 322.3380
458.4000 214.9580
9.4120 181.6150
237.3570 179.3620
619.2910 169.7770
639.0520 110.4120
613.8130 186.3820
574.6570 82.9860
271.0680 116.2080
25.6790 334.0070
60.8360 388.7860
249.5840 140.1670
63.1160 369.8370
552.5460 431.6630
569.0940 291.0110
165.3190 467.0030
531.2190 468.5250
74.9050 410.2690
379.9380 97.1890
629.9510 269.9530
304.2160 439.6860
423.6580 124.7590
536.6210 448.5630
75.2420 182.8110
175.9860 105.1280
24.4710 175.3780
138.4640 161.9560
284.8470 410.3610
606.4560 421.6160
163.2650 144.9760
271.1180 359.4220
137.7840 402.6000
670.5840 341.8310
523.8570 353.4410
211.0990 148.3200
533.3060 218.9510
628.7630 424.1060
450.6470 390.0300
609.8220 301.2820
324.2300 378.9540
560.6130 200.3130
371.6060 334.9680
503.4310 246.1040
226.7810 155.9530
506.1640 404.5530
251.7150 182.7890
217.8100 271.6230
446.6980 373.3110
615.0630 222.3150
196.5350 148.6520
220.9610 269.8390
672.7540 443.5850
571.9710 451.7510
181.9850 260.1580
131.6270 166.3820
623.0600 211.0320
101.4330 168.0420
550.4890 169.3430
188.5080 282.0940
490.4300 170.1470
560.1030 383.9850
526.3920 215.7230
116.4460 88.0990
324.6740 400.0440
631.4300 210.4780
187.6520 247.9230
124.9960 264.8470
522.5110 302.7850
350.6950 269.3860
